poggers 4 4 4 4 3 4 4 3 4 -3
pog 4 4 3 3 3 4 4 4 4 -3
pogchamp 4 4 2 3 4 4 4 1 2 -1
monkas 3 -2 3 -1 2 4 -3 -2 4 -3
kekw 4 3 1 1 0 2 2 -4 0 -2
omegalul 4 4 -2 1 1 4 2 -4 -1 -2
pepega -2 -2 1 -2 0 1 -4 -4 0 -2
lulw 3 3 1 0 0 1 1 -4 -4 -2
femboy -1 2 4 0 4 -3 0 4 3 0
femoid 0 -2 -4 -3 2 -4 -4 4 4 0
based 2 4 4 3 1 4 4 4 4 2
redpilled -3 4 4 -1 2 2 -2 0 0 1
blackpilled -4 -4 3 -3 3 3 -1 4 4 2
reagan -4 -4 -4 -4 -4 0 -4 -4 -4 -4
incel -4 -3 -3 -2 0 -4 -3 -2 -4 -1
cuck -3 -3 -2 -3 2 2 -4 -2 -4 1
cuckold -3 -3 -2 -2 -1 -3 -3 -4 -4 2
cucked -4 -3 -3 -3 3 -2 -2 -4 0 2
uwu 4 1 3 1 0 4 3 -4 -4 4
owo 4 1 2 1 0 3 3 -4 4 4
kek 2 2 3 1 -1 2 2 -4 4 2
gay 0 -1 3 0 3 -1 -2 2 4 0
tranny -2 -2 -1 -2 -3 -2 -4 -4 -4 0
tankie 0 -2 1 -3 -1 -2 -3 -4 0 -1
commie 0 -2 2 -3 0 1 -2 -4 0 -1
trump -4 -4 -4 -4 -1 0 0 -4 -3 -1
chungus 3 3 3 1 -1 2 2 -4 4 -3
wholesome 4 3 4 2 -4 4 3 -4 3 0
whore -3 -3 -2 -1 3 -2 -3 3 -2 -1
horny 0 3 -2 1 4 -4 0 2 0 3 
wap 0 1 2 1 0 -4 0 4 2 3
elite -1 3 3 3 -1 1 3 -4 0 4
kappa -1 3 1 -1 -3 -2 2 -4 0 -2
sadge -3 -3 -2 -2 1 1 -2 4 4 -4
420 4 2 4 3 4 4 4 2 4 4
cringe -4 -2 -2 -3 -1 3 4 2 -3 0
normie -3 -2 -3 -4 -2 0 -4 3 -1 0